world: world
x: 635.8367464573
y: 71.0
z: 368.0215748802539
yaw: 271.7312
pitch: -1.3508631
name: spawn
lastowner: f6229def-d4aa-3a05-8831-68c3e75adcec
