lastAccountName: Babarafi
timestamps:
  login: 1578117762818
  logout: 1578117961179
ipAddress: 180.244.234.245
logoutlocation:
  world: world
  x: 538.387172142078
  y: 64.0
  z: 346.55253491661034
  yaw: -62.39987
  pitch: 13.650031
