lastAccountName: ProGloves
timestamps:
  login: 1578209636021
  lastteleport: 1578216498226
  logout: 1578217941103
ipAddress: 180.244.234.245
lastlocation:
  world: world
  x: 429.5751761118238
  y: 63.0
  z: 285.7071221519465
  yaw: 7.499995
  pitch: 26.400023
logoutlocation:
  world: world
  x: 514.1031698378549
  y: 64.0
  z: 355.59188088725523
  yaw: -6.194044
  pitch: 11.85008
afk: false
money: '584.90'
