lastAccountName: Vaddyl
timestamps:
  login: 1578145540932
  logout: 1578150564497
  lastteleport: 1578147922813
ipAddress: 180.243.123.185
lastlocation:
  world: world_nether
  x: -92.08858494376585
  y: 54.0
  z: -37.47029707872814
  yaw: -238.06914
  pitch: 17.833782
logoutlocation:
  world: world
  x: 549.6071255685065
  y: 64.0
  z: 368.8074818560453
  yaw: -262.1505
  pitch: -35.00238
