lastAccountName: SomeoneNamedSan
timestamps:
  login: 1578220199276
  lastteleport: 1578220271174
  logout: 1578219567699
ipAddress: 36.68.54.111
lastlocation:
  world: world
  x: 438.5
  y: 63.0
  z: 298.5
  yaw: -97.67261
  pitch: 11.476442
afk: false
logoutlocation:
  world: world
  x: 432.2855758745311
  y: 63.0
  z: 285.69999998807907
  yaw: -107.25256
  pitch: 15.41058
homes:
  a:
    world: world
    x: 417.220235787427
    y: 65.0
    z: 302.68606552218176
    yaw: -271.63626
    pitch: 11.468362
  xp:
    world: world
    x: 644.127424304714
    y: 10.0
    z: 302.889501850806
    yaw: -357.87158
    pitch: 9.425298
money: '1049.5585000000000480'
