lastAccountName: alqassam
timestamps:
  login: 1578397957201
  logout: 1578397990449
  lastteleport: 1578218361626
ipAddress: 127.0.0.1
logoutlocation:
  world: world
  x: 613.4320644822715
  y: 66.0
  z: 367.654007638044
  yaw: 151.45811
  pitch: -56.399857
lastlocation:
  world: world
  x: 475.42925859797253
  y: 63.0
  z: 315.5095914670987
  yaw: 304.2908
  pitch: 11.100118
afk: false
money: '2204.0220000000000280'
