lastAccountName: alqassam
timestamps:
  login: 1578278851292
  logout: 1578286909791
  lastteleport: 1578218361626
ipAddress: 127.0.0.1
logoutlocation:
  world: world
  x: 636.0065502623706
  y: 68.0
  z: 333.0114036558094
  yaw: 142.63501
  pitch: -11.2501745
lastlocation:
  world: world
  x: 475.42925859797253
  y: 63.0
  z: 315.5095914670987
  yaw: 304.2908
  pitch: 11.100118
afk: false
money: '2072.8060000000000610'
